4 16 1
4 6
13 25 1 0
14 26 1 1
13 27 1 2
19 21 0 3
18 22 0 4
19 23 0 5
8 6
16 24 0 6
15 25 0 7
16 26 0 8
11 23 1 9
10 22 1 10
10 24 1 11
5 4
17 27 0 12
17 29 0 13
19 27 0 14
19 29 0 15
7
1 1000 640 1 1 25 35
2 120 737 1 1 4 23
3 360 216 1 1 10 13
4 960 305 1 1 24 13
5 800 990 1 1 20 41
6 0 1017 1 1 0 41
7 600 990 1 1 15 41
9
13 19 15 19 17 19 13 21 15 21 17 21 13 23 15 23 17 23
2 3 2
3 3
5 21 3 0
16 29 1 1
19 28 0 2
2
1 360 165 1 1 9 19
2 1200 165 1 1 30 19
9
15 39 17 39 19 39 15 41 17 41 19 41 15 37 17 37 19 37