69 8 6 19 52 7 1 2
23
1 0
3
5 21 50 0 5 10 0 3 3 5
1 0
3
13 30 50 0 5 10 0 4 3 5
1 0
3
24 27 50 0 5 10 0 5 3 5
1 0
3
18 27 50 0 5 10 0 6 3 5
1 0
7
12 31 50 0 5 10 0 7 3 5
1 0
7
4 22 50 0 5 10 0 8 3 5
1 0
7
6 22 50 0 5 10 0 9 3 5
1 0
7
25 28 50 0 5 10 0 10 3 5
1 0
7
23 28 50 0 5 10 0 11 3 5
1 0
7
17 28 50 0 5 10 0 12 3 5
1 0
7
19 28 50 0 5 10 0 13 3 5
1 0
9
6 20 50 0 5 10 0 14 3 5
1 0
9
4 20 50 0 5 10 0 15 3 5
1 0
9
14 29 50 0 5 10 0 16 3 5
1 0
9
12 29 50 0 5 10 0 17 3 5
1 0
9
25 26 50 0 5 10 0 18 3 5
1 0
9
23 26 50 0 5 10 0 19 3 5
1 0
9
19 26 50 0 5 10 0 20 3 5
1 0
9
17 26 50 0 5 10 0 21 3 5
0 0
살라딘
3
천지파열무	0 풍아열공참	1 혈랑마혼	2 
0 0
14 33 500 100 7 10 10 22 2 7
0 1
철가면
2
아수라파천무	0 폭풍검	0 
0 1
18 33 500 100 14 10 0 0 2 14
0 0
크리스티앙
1
새틀라이트 어택	0 
1 1
19 39 500 100 7 10 0 1 2 7
0 1
죠안 카트라이트
1
풍아열공참	1 
1 1
15 41 500 100 14 10 0 2 2 14
