69 8 5 11 38 32 1 2
21
1 0
3
5 21 50 0 5 10 0 1 3
1 0
3
13 30 50 0 5 10 0 2 3
1 0
3
24 27 50 0 5 10 0 3 3
1 0
3
18 27 50 0 5 10 0 4 3
1 0
7
12 31 50 0 5 10 0 5 3
1 0
7
14 31 50 0 5 10 0 6 3
1 0
7
4 22 50 0 5 10 0 7 3
1 0
7
6 22 50 0 5 10 0 8 3
1 0
7
25 28 50 0 5 10 0 9 3
1 0
7
23 28 50 0 5 10 0 10 3
1 0
7
17 28 50 0 5 10 0 11 3
1 0
7
19 28 50 0 5 10 0 12 3
1 0
9
6 20 50 0 5 10 0 13 3
1 0
9
4 20 50 0 5 10 0 14 3
1 0
9
14 29 50 0 5 10 0 15 3
1 0
9
12 29 50 0 5 10 0 16 3
1 0
9
25 26 50 0 5 10 0 17 3
1 0
9
23 26 50 0 5 10 0 18 3
1 0
9
19 26 50 0 5 10 0 19 3
1 0
9
17 26 50 0 5 10 0 20 3
0 1
크리스티앙
1
새틀라이트 어택	0 
1 1
17 37 500 100 14 10 0 0 2
