75 8 6 19 56 42 0 0
34
1 0
0
7 46 50 0 5 10 0 4 3 5
1 0
0
17 47 50 0 5 10 0 5 3 5
1 0
0
12 42 50 0 5 10 0 6 3 5
1 0
0
15 29 50 0 5 10 0 7 3 5
1 0
0
8 33 50 0 5 10 0 8 3 5
1 0
0
8 25 50 0 5 10 0 9 3 5
1 0
3
8 45 50 0 5 10 0 10 3 5
1 0
3
13 41 50 0 5 10 0 11 3 5
1 0
3
18 46 50 0 5 10 0 12 3 5
1 0
3
16 28 50 0 5 10 0 13 3 5
1 0
3
9 32 50 0 5 10 0 14 3 5
1 0
3
9 24 50 0 5 10 0 15 3 5
1 0
1
7 44 50 0 5 10 0 16 3 5
1 0
1
9 44 50 0 5 10 0 17 3 5
1 0
1
12 40 50 0 5 10 0 18 3 5
1 0
1
14 40 50 0 5 10 0 19 3 5
1 0
1
17 45 50 0 5 10 0 20 3 5
1 0
1
19 45 50 0 5 10 0 21 3 5
1 0
1
15 27 50 0 5 10 0 22 3 5
1 0
1
17 27 50 0 5 10 0 23 3 5
1 0
1
8 31 50 0 5 10 0 24 3 5
1 0
1
10 31 50 0 5 10 0 25 3 5
1 0
1
8 23 50 0 5 10 0 26 3 5
1 0
1
10 23 50 0 5 10 0 27 3 5
1 0
2
9 46 50 0 5 10 0 28 0 5
1 0
2
14 42 50 0 5 10 0 29 3 5
1 0
2
19 47 50 0 5 10 0 30 3 5
1 0
2
17 29 50 0 5 10 0 31 3 5
1 0
2
10 33 50 0 5 10 0 32 3 5
1 0
2
10 25 50 0 5 10 0 33 3 5
0 0
살라딘
3
천지파열무	0 풍아열공참	1 혈랑마혼	2 
1 1
13 59 500 100 7 10 0 0 2 7
0 0
철가면
2
아수라파천무	0 폭풍검	0 
1 1
13 57 500 100 7 10 0 1 2 7
0 0
크리스티앙
1
새틀라이트 어택	0 
1 1
11 61 500 100 7 10 0 2 2 7
0 0
죠안 카트라이트
1
풍아열공참	1 
1 1
15 63 500 100 7 10 0 3 2 7
