69 8 5 9 8 22 0 1
20
1
4
27 19 50 0 5 10 0 3 0
1
4
26 20 50 0 5 10 0 4 0
1
4
27 21 50 0 5 10 0 5 0
1
4
23 25 50 0 5 10 0 6 0
1
4
22 26 50 0 5 10 0 7 0
1
4
23 27 50 0 5 10 0 8 0
1
8
18 28 50 0 5 10 0 9 0
1
8
17 29 50 0 5 10 0 10 0
1
8
18 30 50 0 5 10 0 11 0
1
8
3 20 50 0 5 10 0 12 1
1
8
2 19 50 0 5 10 0 13 1
1
8
2 21 50 0 5 10 0 14 1
1
5
19 31 50 0 5 10 0 15 0
1
5
19 33 50 0 5 10 0 16 0
1
5
21 31 50 0 5 10 0 17 0
1
5
21 33 50 0 5 10 0 18 0
0
살라딘
3
천지파열무	0 풍아열공참	1 혈랑마혼	2 
0 1
18 25 500 100 7 10 10 19 3
0
철가면
2
아수라파천무	0 폭풍검	0 
0 1
10 21 500 100 7 10 0 0 0
0
크리스티앙
1
새틀라이트 어택	0 
1 1
15 19 500 100 7 10 0 1 1
0
죠안 카트라이트
1
풍아열공참	1 
1 1
17 23 500 100 7 10 0 2 1
