2
형제 1
1 30 2
0 6
7 46 3 0
17 47 3 1
12 42 3 2
15 29 3 3
8 33 3 4
8 25 3 5
3 6
8 45 3 6
13 41 3 7
18 46 3 8
16 28 3 9
9 32 3 10
9 24 3 11
1 12
7 44 3 12
9 44 3 13
12 40 3 14
14 40 3 15
17 45 3 16
19 45 3 17
15 27 3 18
17 27 3 19
8 31 3 20
10 31 3 21
8 23 3 22
10 23 3 23
2 6
9 46 0 24
14 42 3 25
19 47 3 26
17 29 3 27
10 33 3 28
10 25 3 29
13
1 0 1408 1 1 2 53
2 720 1408 1 1 26 51
3 80 632 1 1 10 36
4 640 632 1 1 16 36
5 0 1064 1 1 0 37
6 640 1064 1 1 16 37
7 160 1064 1 1 10 37
8 633 1465 1 1 17 53
9 300 1464 1 1 9 53
8 307 132 1 1 8 9
9 640 128 1 1 17 9
10 400 1688 1 1 10 62
11 640 1687 1 1 16 62
12
11 57 13 57 15 57 11 59 13 59 15 59 11 61 13 61 15 61 11 63 13 63 15 63
불사조 2
2 16 1
4 6
13 25 1 0
14 26 1 1
13 27 1 2
19 21 0 3
18 22 0 4
19 23 0 5
1 6
16 24 0 6
15 25 0 7
16 26 0 8
10 25 1 9
11 24 2 10
11 26 3 11
5 4
17 27 0 12
17 29 0 13
19 27 0 14
19 29 0 15
0
9
13 19 15 19 17 19 13 21 15 21 17 21 13 23 15 23 17 23
3 20 2
3 4
5 21 3 0
13 30 3 1
24 27 3 2
18 27 3 3
7 8
12 31 3 4
14 31 3 5
4 22 3 6
6 22 3 7
25 28 3 8
23 28 3 9
17 28 3 10
19 28 3 11
9 8
6 20 3 12
4 20 3 13
14 29 3 14
12 29 3 15
25 26 3 16
23 26 3 17
19 26 3 18
17 26 3 19
2
1 360 165 1 1 9 19
2 1200 165 1 1 30 19
9
15 39 17 39 19 39 15 41 17 41 19 41 15 37 17 37 19 37